指标                      predictivepredictive_nopremig             cho           rel17             dqn           graph
---------------------------------------------------------------------------------------------------------------------
切换事件数 (Py)                   14931           14931           14299           13616           14560           13979
切换事件数 (ns3)                  15092           15092           14455           13780           14822           14362

切换中断均值_ms (Py)                0.01            0.01           15.76           380.5           102.2           16.18
切换中断均值_ms (ns3)                  0               0           15.29           380.5             104           15.25

切换中断最大_ms (Py)               13.68           13.68           412.1           402.4           402.3           412.2
切换中断最大_ms (ns3)                  0               0           787.5           387.4           387.4           787.5

切换中断非零比例 (Py)               0.0005          0.0005          0.0386               1          0.2675          0.0431
切换中断非零比例 (ns3)                   0               0          0.0372               1          0.2724          0.0375

乒乓切换率 (Py)                  0.0413          0.0413          0.0004               0               0               0
乒乓切换率 (ns3)                 0.0406          0.0406          0.0008               0               0               0

乒乓_快速连切率 (Py)               0.0413          0.0413          0.0004               0               0               0
乒乓_快速连切率 (ns3)              0.0406          0.0406          0.0008               0               0               0

乒乓_切回率 (Py)                 0.0334          0.0334               0               0               0               0
乒乓_切回率 (ns3)                0.0326          0.0326               0               0               0               0

预测失配率 (Py)                   0.124           0.124          0.1164          0.0856          0.2305          0.1389
预测失配率 (ns3)                 0.1272          0.1272          0.1179          0.0891          0.2436          0.1186

预迁移命中率 (Py)                      1               0               0               0               0               0
预迁移命中率 (ns3)                     1               0               0               0               0               0

切换总时延均值_ms (Py)              12.14             381           381.1           380.5           380.9           381.3
切换总时延均值_ms (ns3)             12.05             381           381.1           380.5           380.8           381.1

切换重连额外时延_ms (Py)                 0           368.9             369           368.7           368.9           369.1
切换重连额外时延_ms (ns3)                0           368.9             369           368.7           368.8             369

重连确认失败率 (Py)                0.0005          0.0005          0.0338          0.0007          0.0002          0.0382
重连确认失败率 (ns3)                    0               0          0.0017               0          0.0001          0.0013

仰角代价均值_deg (Py)               0.38            0.38            1.02            0.24            3.43            1.73
仰角代价均值_deg (ns3)              0.41            0.41            1.01            0.25            3.76            1.03
